   4.3034690e-01   3.4052815e-01
   4.1981174e-01   2.6103604e-01
   4.1790016e-01   2.7059762e-01
             NaN             NaN
   1.5107087e+00   1.0027523e+00
             NaN             NaN
   5.6511337e-01   4.0833366e-01
   1.2164513e+00   5.2005747e-01
   9.5758974e-01   6.6510383e-01
   7.4394319e-01   6.1176999e-01
   2.0583290e+00   1.3387156e+00
             NaN             NaN
   8.7280636e-01   4.4227238e-01
   1.1704302e+00   5.4797073e-01
   1.2739100e+00   7.8993934e-01
             NaN             NaN
             NaN             NaN
             NaN             NaN
   7.9821690e+00   1.7832660e+00
             NaN             NaN
             NaN             NaN
   7.0775799e+00   8.9629074e-01
             Inf             Inf
             NaN             NaN
             NaN             NaN
             NaN             NaN
   2.2776644e+00   8.0830893e-01
   5.7051859e-01   3.4225263e-01
             NaN             NaN
   1.5032757e+00   1.4564565e+00
   2.2149675e+00   1.3069756e+00
             Inf             Inf
   2.0154815e+00   1.4353675e+00
   1.4482267e+00   9.7471897e-01
   9.6629917e-01   7.7877988e-01
   1.1220214e+00   8.4860119e-01
   9.3914288e-01   8.6219971e-01
   1.0167501e+00   9.5010177e-01
   3.0750624e+00   1.5017363e+00
             Inf             Inf
             Inf             Inf
             Inf             Inf
             Inf             Inf
   3.6218619e-01   3.1069620e-01
   1.2241757e+00   8.8230545e-01
   7.3618163e-01   5.0969222e-01
   3.0198049e+00   2.0575166e+00
             NaN             NaN
   1.2957808e+00   6.6825592e-01
   8.3369737e-01   7.2284292e-01
   8.0394319e-01   7.1606673e-01
   8.9645201e-01   8.1765422e-01
             Inf             Inf
   9.8129194e-01   9.8026867e-01
   1.4616142e+00   1.0385416e+00
   1.3346352e+00   8.1684516e-01
   1.2176043e+00   6.5056406e-01
   1.3097109e+00   7.4583800e-01
   1.8333552e+00   9.0566956e-01
   2.0909171e+00   9.4809227e-01
   1.2228719e+00   7.8867950e-01
   1.5210578e+00   9.0065192e-01
             NaN             NaN
             Inf             Inf
   8.1816063e-01   4.7781167e-01
   9.2330965e-01   5.2305513e-01
   1.6047113e+00   8.2094363e-01
   8.0239461e-01   7.2372306e-01
   9.8505855e-01   1.0035396e+00
   1.4817720e+00   1.6412961e+00
             NaN             NaN
   1.7109717e+00   1.4090404e+00
   7.4336401e-01   8.6661399e-01
   9.8700964e-01   8.2171561e-01
   1.0247107e+00   7.8643918e-01
   9.6973447e-01   7.1859456e-01
   7.1410990e-01   4.3418058e-01
   1.9599750e+00   2.1745536e+00
   3.6132445e+00   1.3772392e+00
   8.1630265e-01   7.0989026e-01
   8.6480764e-01   8.2068096e-01
   6.1016337e-01   5.3187345e-01
             Inf             Inf
             NaN             NaN
             NaN             NaN
             NaN             NaN
   7.6279152e-01   5.9843151e-01
   1.8484858e+00   1.1861724e+00
             NaN             NaN
   7.5218951e-01   7.3686235e-01
   1.5120402e+00   1.6879730e+00
   1.1010721e+00   9.6474982e-01
   8.5525766e-01   6.6205858e-01
             NaN             NaN
             NaN             NaN
   1.5705542e+00   9.6552124e-01
             Inf             Inf
             Inf             Inf
             Inf             Inf
             Inf             Inf
             Inf             Inf
             NaN             NaN
   4.1898829e+00   1.3394108e+00
   5.1297829e+00   1.3469747e+00
   4.6681732e+00   1.3570569e+00
   2.1268868e+00   1.4566802e+00
   1.1834049e+00   9.1646176e-01
   1.1828728e+00   9.1181253e-01
             NaN             NaN
   2.8182516e+00   2.4498683e+00
   4.2766940e+00   1.6034005e+00
   4.2220404e+00   1.4449559e+00
   6.6067039e-01   4.9705267e-01
   2.1140950e+00   1.9593650e+00
   1.3284620e+00   9.1144822e-01
   6.8381010e+00   5.3475406e+00
             NaN             NaN
             Inf             Inf
             NaN             NaN
             Inf             Inf
             NaN             NaN
             NaN             NaN
   4.7011230e+00   2.5860170e+00
   6.8960889e+00   3.4946127e+00
             NaN             NaN
   1.3676837e+00   9.9325156e-01
             NaN             NaN
   3.3172753e+00   1.4350025e+00
   2.8467650e+00   1.0105086e+00
   7.5088983e-01   6.1154191e-01
   3.9656537e-01   2.2933554e-01
   3.6865629e+00   1.6151136e+00
   6.5742002e-01   9.1449110e-01
   5.6432880e-01   6.8765341e-01
   2.9577974e+00   8.6336746e-01
   9.4635742e-01   5.7578721e-01
   2.6086653e+00   9.5780711e-01
   1.6770446e+00   1.0835029e+00
   8.1309446e-01   4.9204612e-01
   8.5195796e-01   6.0088293e-01
   1.2963975e+00   8.4901058e-01
   1.3047110e+00   6.0723810e-01
   1.0211363e+00   9.9878923e-01
   2.3347324e+00   7.5402668e-01
   2.0321344e+00   9.4867262e-01
   7.6193736e-01   6.2873522e-01
   4.6758676e+00   5.6171049e+00
   7.6089508e-01   4.5523501e-01
   1.6903678e+00   1.0542050e+00
             NaN             NaN
   1.4774946e+00   6.9972226e-01
   3.6963375e+00   6.6618586e-01
   1.0955512e+00   8.6869362e-01
   2.9500796e-01   2.6363545e-01
   3.1573824e+00   1.4274901e+00
   9.1099071e-01   7.9043499e-01
   1.4612185e+00   3.5259610e-01
   4.4320140e-01   3.4924450e-01
   4.8080701e-01   5.0395150e-01
   5.2446981e-01   3.6581729e-01
   4.3104696e-01   4.3645274e-01
   7.8101867e-01   8.0721477e-01
   7.8679788e-01   4.7235806e-01
   1.8443337e+00   8.2823975e-01
   2.1843154e+00   1.2480453e+00
   1.9228249e+00   9.0187595e-01
   2.9234781e+00   1.4118535e+00
   1.1757818e+00   4.8348662e-01
   1.7894914e+00   9.8971619e-01
   1.4654976e+00   7.9766570e-01
   2.0506845e+00   9.6105817e-01
   1.1164975e+00   7.6257494e-01
   1.4327364e+00   6.6822672e-01
   6.2364970e-01   3.1556760e-01
   1.7694362e+00   1.2351015e+00
   2.6629595e+00   1.8296639e+00
   1.6486483e+00   1.0162377e+00
   5.1889654e-01   2.9333281e-01
   9.7130772e-01   1.0631858e+00
   6.6286008e-01   4.2497368e-01
   6.3750295e-01   3.9241502e-01
   6.0637973e-01   3.9607248e-01
   4.7633332e-01   2.8770039e-01
   6.2483075e-01   6.6290510e-01
   6.0443484e-01   5.3465713e-01
   4.8755179e-01   5.3412337e-01
   8.5821583e-01   6.7719772e-01
   4.2858180e-01   5.0395596e-01
   3.2658849e-01   3.4197163e-01
   1.2571381e+00   9.5273546e-01
   2.3771467e+00   1.5155173e+00
   1.5322940e+00   1.1416169e+00
   5.0707704e-01   4.5753498e-01
   1.9851705e+00   1.1169139e+00
   1.7902188e+00   1.4916849e+00
   1.7518453e+00   1.0773974e+00
   9.8909117e-01   6.1237124e-01
   6.0588852e-01   5.3772192e-01
   6.4317389e-01   4.4759647e-01
   4.1246242e-01   2.2961029e-01
   2.8334301e-01   1.7659301e-01
   9.3336070e-01   8.4330567e-01
   6.9541574e-01   6.4138025e-01
   7.8005278e-01   6.8426889e-01
   3.4997105e-01   3.8977840e-01
   5.4969592e-01   4.1943214e-01
   4.3094658e-01   4.2310235e-01
   6.6479980e-01   4.4404904e-01
   4.4845482e-01   4.3165843e-01
   5.0989609e-01   3.5597081e-01
   5.8005995e-01   6.4049983e-01
   1.0134996e+00   1.1863785e+00
   8.9366522e-01   1.0360041e+00
   8.8408382e-01   6.5695979e-01
   8.8025632e-01   6.7302170e-01
   6.8608518e-01   4.7229671e-01
   9.4284116e-01   1.0327778e+00
   4.8295430e-01   4.4888855e-01
             NaN             NaN
   2.4334447e-01   2.3079412e-01
   3.8612306e-01   5.2177048e-01
   7.0105049e-01   6.0124518e-01
   1.2775460e+00   7.8962546e-01
   3.0121606e+00   5.7524224e-01
   1.3569001e+00   4.8724297e-01
   1.3272791e+00   7.2676349e-01
             NaN             NaN
   6.9830704e-01   5.1674487e-01
   3.9102219e-01   3.4535519e-01
   1.0220602e+00   7.2011850e-01
   5.7796745e-01   4.9424986e-01
   9.9839942e-01   5.5451048e-01
   9.3070370e-01   9.1614659e-01
   8.4557036e-01   8.4992798e-01
   7.9525542e-01   6.5432087e-01
   6.3739423e-01   4.2443821e-01
   4.3350045e-01   4.5254286e-01
   1.2319703e+00   9.8679014e-01
   1.0171230e+00   6.0317084e-01
   8.6404358e-01   7.3518832e-01
   5.8217537e-01   3.2467416e-01
   9.7340629e-01   4.9907105e-01
   9.4176607e-01   5.3953355e-01
   2.7074673e-01   2.6091665e-01
   7.9362729e-01   3.8244933e-01
   7.2371171e-01   4.7419618e-01
   4.3195686e-01   4.8077396e-01
   1.7460542e+00   7.6055706e-01
   7.4597480e-01   6.6583827e-01
   1.0093383e+00   5.3358256e-01
   9.8530412e-01   5.3895144e-01
   8.2633008e-01   5.4588502e-01
   4.8903153e-01   3.5351913e-01
   8.6749513e-01   6.2242666e-01
   7.4989040e-01   6.7366407e-01
   9.1008789e-01   6.9827627e-01
   5.5504574e-01   5.2529522e-01
   7.8710139e-01   6.7174721e-01
   3.4944608e-01   4.4988619e-01
   7.0869166e-01   6.6078318e-01
  -1.6458382e-01   4.2084317e-01
  -1.2382517e-01   1.0932217e-01
   5.8608445e-01   5.4608263e-01
   4.4952732e-01   3.8578623e-01
   3.6985662e+00   2.6448490e+00
   1.6243411e+00   1.2820925e+00
   9.5772015e-01   6.7556615e-01
   1.5717709e+00   1.2417615e+00
   1.4451842e+00   1.3960949e+00
   1.9834629e+00   1.0495904e+00
   9.5990909e-01   7.9926019e-01
             NaN             NaN
   3.6210016e+00   2.0976715e+00
   1.4558264e+00   1.5619923e+00
   4.3302436e+00   3.1953952e+00
   1.6887958e+00   1.1673467e+00
   1.8923773e+00   1.0590306e+00
   1.1823068e+00   8.0807606e-01
   1.4085969e+00   9.2394103e-01
   1.3670687e+00   9.3958141e-01
   1.0246651e+00   1.5583902e+00
   7.6931222e-01   5.4329977e-01
   8.7200677e-01   8.4641413e-01
   2.2548790e+00   7.1893070e-01
   1.4756707e+00   1.1390570e+00
   5.7490174e-01   4.1618792e-01
   5.6395726e-01   4.8511803e-01
   5.3289971e-01   3.4860653e-01
   6.5957531e-01   6.1037088e-01
   6.3983913e-01   6.7341216e-01
             NaN             NaN
   9.2571425e-01   7.9018886e-01
   9.1576197e-01   5.1264824e-01
   1.5988153e+00   8.4498022e-01
   5.6674338e-01   3.6621568e-01
   6.0318679e-01   4.5503526e-01
   5.1429939e+00   2.9564872e+00
   1.7993233e+00   1.1241271e+00
   1.9171108e+00   9.2286053e-01
   7.1932554e-01   2.2158332e-01
   1.8699629e+00   8.9837933e-01
   1.8840439e+00   9.5175907e-01
   2.9403001e+00   3.2072212e+00
   1.2605869e+00   8.3613795e-01
   9.1206654e-01   8.3658124e-01
   9.0795889e-01   8.1325647e-01
   1.1217190e+00   9.3201927e-01
             NaN             NaN
   9.0144106e-01   7.4496646e-01
   8.0490343e-01   6.2818098e-01
   9.1819948e-01   5.4874654e-01
   2.5625090e+00   6.8482573e-01
   1.9895321e+00   1.0071497e+00
   2.7159243e+00   9.6053243e-01
   6.6003543e-01   6.7842961e-01
   1.0453049e+00   8.7307803e-01
   1.5938841e+00   6.7940037e-01
   3.0644089e+00   3.0450034e+00
   3.0638236e+00   1.6230660e+00
   2.7463403e+00   3.0760386e+00
   2.5189962e+00   2.7193807e+00
   2.6823126e+00   3.0090175e+00
   1.0884451e+00   7.4327736e-01
   9.7713921e-01   6.2222448e-01
   1.2318198e+00   5.2122452e-01
   6.3028267e-01   4.1842950e-01
   7.9079509e-01   8.5716898e-01
   3.0429369e+00   8.7422914e-01
             NaN             NaN
             NaN             NaN
             NaN             NaN
   1.2627869e+00   7.5346671e-01
   1.0296473e+00   7.3703277e-01
             NaN             NaN
   9.1241312e-01   5.0096816e-01
             NaN             NaN
             NaN             NaN
   9.4925394e-01   5.3793291e-01
   2.1221238e+00   1.1643636e+00
   1.6315611e+00   9.8345082e-01
